%YAML:1.0
---
Reprojection Error: 0.49865736832895635
camera_matrix: !!opencv-matrix
   rows: 3
   cols: 3
   dt: d
   data: [ 1415.6068082382758, 0., 970.29048582240682, 0.,
       1415.8331091849743, 588.24922085693584, 0., 0., 1. ]
distortion_coefficients: !!opencv-matrix
   rows: 1
   cols: 5
   dt: d
   data: [ 0.052037192324080182, -0.24793776063221473,
       0.0018023654502546335, -0.00024077892131013141,
       0.24057974291328363 ]
reprojection_error: 0.49865736832895635
Dimensions: !!opencv-matrix
   rows: 3
   cols: 1
   dt: d
   data: [ 1080., 1920., 3. ]
