%YAML:1.0
---
Reprojection Error: 0.24722497329649928
camera_matrix: !!opencv-matrix
   rows: 3
   cols: 3
   dt: d
   data: [ 624.88167624349023, 0., 326.83244794827215, 0.,
       624.74722892651994, 261.64460573056442, 0., 0., 1. ]
distortion_coefficients: !!opencv-matrix
   rows: 1
   cols: 5
   dt: d
   data: [ 0.034696959863588631, -0.18190084953643323,
       0.0021179821408161769, 0.00046966579478303021,
       0.21231631203820608 ]
reprojection_error: 0.24722497329649928
